%YAML:1.0
---
aruco_bc_dict: ARUCO_MIP_36h12
aruco_bc_nmarkers: 24
aruco_bc_mInfoType: 0
aruco_bc_markers:
   - { id:161, corners:[ [ -1000., -1000., 0. ], [ -500., -1000., 0. ],
       [ -500., -1500., 0. ], [ -1000., -1500., 0. ] ] }
   - { id:227, corners:[ [ -400., -1000., 0. ], [ 100., -1000., 0. ], [
       100., -1500., 0. ], [ -400., -1500., 0. ] ] }
   - { id:85, corners:[ [ 200., -1000., 0. ], [ 700., -1000., 0. ], [
       700., -1500., 0. ], [ 200., -1500., 0. ] ] }
   - { id:166, corners:[ [ 800., -1000., 0. ], [ 1300., -1000., 0. ], [
       1300., -1500., 0. ], [ 800., -1500., 0. ] ] }
   - { id:244, corners:[ [ -1000., -400., 0. ], [ -500., -400., 0. ], [
       -500., -900., 0. ], [ -1000., -900., 0. ] ] }
   - { id:144, corners:[ [ -400., -400., 0. ], [ 100., -400., 0. ], [
       100., -900., 0. ], [ -400., -900., 0. ] ] }
   - { id:90, corners:[ [ 200., -400., 0. ], [ 700., -400., 0. ], [ 700.,
       -900., 0. ], [ 200., -900., 0. ] ] }
   - { id:214, corners:[ [ 800., -400., 0. ], [ 1300., -400., 0. ], [
       1300., -900., 0. ], [ 800., -900., 0. ] ] }
   - { id:153, corners:[ [ -1000., 200., 0. ], [ -500., 200., 0. ], [
       -500., -300., 0. ], [ -1000., -300., 0. ] ] }
   - { id:7, corners:[ [ -400., 200., 0. ], [ 100., 200., 0. ], [ 100.,
       -300., 0. ], [ -400., -300., 0. ] ] }
   - { id:143, corners:[ [ 200., 200., 0. ], [ 700., 200., 0. ], [ 700.,
       -300., 0. ], [ 200., -300., 0. ] ] }
   - { id:219, corners:[ [ 800., 200., 0. ], [ 1300., 200., 0. ], [
       1300., -300., 0. ], [ 800., -300., 0. ] ] }
   - { id:78, corners:[ [ -1000., 800., 0. ], [ -500., 800., 0. ], [
       -500., 300., 0. ], [ -1000., 300., 0. ] ] }
   - { id:159, corners:[ [ -400., 800., 0. ], [ 100., 800., 0. ], [ 100.,
       300., 0. ], [ -400., 300., 0. ] ] }
   - { id:209, corners:[ [ 200., 800., 0. ], [ 700., 800., 0. ], [ 700.,
       300., 0. ], [ 200., 300., 0. ] ] }
   - { id:13, corners:[ [ 800., 800., 0. ], [ 1300., 800., 0. ], [ 1300.,
       300., 0. ], [ 800., 300., 0. ] ] }
   - { id:247, corners:[ [ -1000., 1400., 0. ], [ -500., 1400., 0. ], [
       -500., 900., 0. ], [ -1000., 900., 0. ] ] }
   - { id:237, corners:[ [ -400., 1400., 0. ], [ 100., 1400., 0. ], [
       100., 900., 0. ], [ -400., 900., 0. ] ] }
   - { id:100, corners:[ [ 200., 1400., 0. ], [ 700., 1400., 0. ], [
       700., 900., 0. ], [ 200., 900., 0. ] ] }
   - { id:6, corners:[ [ 800., 1400., 0. ], [ 1300., 1400., 0. ], [
       1300., 900., 0. ], [ 800., 900., 0. ] ] }
   - { id:177, corners:[ [ -1000., 2000., 0. ], [ -500., 2000., 0. ], [
       -500., 1500., 0. ], [ -1000., 1500., 0. ] ] }
   - { id:93, corners:[ [ -400., 2000., 0. ], [ 100., 2000., 0. ], [
       100., 1500., 0. ], [ -400., 1500., 0. ] ] }
   - { id:86, corners:[ [ 200., 2000., 0. ], [ 700., 2000., 0. ], [ 700.,
       1500., 0. ], [ 200., 1500., 0. ] ] }
   - { id:229, corners:[ [ 800., 2000., 0. ], [ 1300., 2000., 0. ], [
       1300., 1500., 0. ], [ 800., 1500., 0. ] ] }
